1
200
216	450	0	0	0	20805062
215	449	0	0	0	20805077
214	449	0	0	0	20805092
213	449	0	0	0	20805152
212	450	0	0	0	20805174
212	451	0	0	0	20805189
211	452	0	0	0	20805197
211	453	0	0	0	20805204
211	454	0	0	0	20805212
212	455	0	0	0	20805219
212	457	0	0	0	20805227
213	459	0	0	0	20805235
213	460	0	0	0	20805242
214	462	0	0	0	20805250
214	464	0	0	0	20805257
215	466	0	0	0	20805265
215	468	0	0	0	20805272
216	470	0	0	0	20805280
216	472	0	0	0	20805287
217	474	0	0	0	20805295
217	476	0	0	0	20805302
218	479	0	0	0	20805310
218	481	0	0	0	20805317
219	483	0	0	0	20805325
219	485	0	0	0	20805332
220	487	0	0	0	20805340
220	488	0	0	0	20805347
221	490	0	0	0	20805355
222	491	0	0	0	20805362
222	493	0	0	0	20805370
223	494	0	0	0	20805385
223	495	0	0	0	20805392
224	496	0	0	0	20805415
224	497	0	0	0	20805437
223	496	0	0	0	20805445
222	496	0	0	0	20805452
221	496	0	0	0	20805460
220	495	0	0	0	20805468
219	494	0	0	0	20805475
217	494	0	0	0	20805483
215	493	0	0	0	20805490
213	492	0	0	0	20805498
211	491	0	0	0	20805505
208	490	0	0	0	20805513
205	489	0	0	0	20805520
202	488	0	0	0	20805528
199	487	0	0	0	20805535
195	485	0	0	0	20805543
191	484	0	0	0	20805550
187	483	0	0	0	20805558
183	481	0	0	0	20805565
179	480	0	0	0	20805573
175	479	0	0	0	20805580
171	477	0	0	0	20805588
166	476	0	0	0	20805595
162	474	0	0	0	20805603
157	473	0	0	0	20805610
152	472	0	0	0	20805618
148	470	0	0	0	20805625
144	469	0	0	0	20805633
140	468	0	0	0	20805640
136	466	0	0	0	20805648
132	465	0	0	0	20805655
128	464	0	0	0	20805663
125	462	0	0	0	20805670
122	461	0	0	0	20805678
119	460	0	0	0	20805685
117	459	0	0	0	20805693
115	458	0	0	0	20805701
113	458	0	0	0	20805708
112	457	0	0	0	20805716
112	456	0	0	0	20805731
112	455	0	0	0	20805738
113	455	0	0	0	20805746
114	454	0	0	0	20805753
116	454	0	0	0	20805761
118	453	0	0	0	20805768
120	452	0	0	0	20805776
123	452	0	0	0	20805783
125	451	0	0	0	20805791
129	450	0	0	0	20805798
132	450	0	0	0	20805806
135	449	0	0	0	20805813
139	448	0	0	0	20805821
143	447	0	0	0	20805828
147	445	0	0	0	20805836
150	444	0	0	0	20805843
154	443	0	0	0	20805851
158	441	0	0	0	20805858
162	439	0	0	0	20805866
166	438	0	0	0	20805873
169	436	0	0	0	20805881
173	434	0	0	0	20805888
176	432	0	0	0	20805896
180	430	0	0	0	20805903
183	428	0	0	0	20805911
186	426	0	0	0	20805918
188	425	0	0	0	20805926
191	423	0	0	0	20805934
194	422	0	0	0	20805941
196	421	0	0	0	20805949
198	419	0	0	0	20805956
199	418	0	0	0	20805964
201	417	0	0	0	20805971
202	417	0	0	0	20805979
203	416	0	0	0	20805986
204	415	0	0	0	20805994
204	414	0	0	0	20806001
205	414	0	0	0	20806009
205	413	0	0	0	20806024
204	413	0	0	0	20806031
204	412	0	0	0	20806039
203	412	0	0	0	20806046
202	411	0	0	0	20806054
201	410	0	0	0	20806061
200	410	0	0	0	20806069
198	409	0	0	0	20806076
197	408	0	0	0	20806084
195	406	0	0	0	20806091
193	405	0	0	0	20806099
191	403	0	0	0	20806106
189	401	0	0	0	20806114
187	399	0	0	0	20806121
185	397	0	0	0	20806129
182	394	0	0	0	20806136
180	391	0	0	0	20806144
177	388	0	0	0	20806151
174	385	0	0	0	20806159
171	381	0	0	0	20806167
168	378	0	0	0	20806174
164	374	0	0	0	20806182
161	370	0	0	0	20806189
158	365	0	0	0	20806197
155	361	0	0	0	20806204
152	357	0	0	0	20806212
149	353	0	0	0	20806219
147	349	0	0	0	20806227
144	345	0	0	0	20806234
142	341	0	0	0	20806242
140	338	0	0	0	20806249
138	334	0	0	0	20806257
137	331	0	0	0	20806264
136	329	0	0	0	20806272
135	326	0	0	0	20806279
135	324	0	0	0	20806287
135	322	0	0	0	20806294
135	321	0	0	0	20806302
135	320	0	0	0	20806309
136	319	0	0	0	20806317
138	318	0	0	0	20806324
140	318	0	0	0	20806332
142	318	0	0	0	20806339
145	318	0	0	0	20806347
148	319	0	0	0	20806354
151	320	0	0	0	20806362
155	321	0	0	0	20806369
159	322	0	0	0	20806377
163	323	0	0	0	20806384
168	324	0	0	0	20806392
173	326	0	0	0	20806400
178	327	0	0	0	20806407
183	329	0	0	0	20806415
188	330	0	0	0	20806422
194	332	0	0	0	20806430
199	333	0	0	0	20806437
204	334	0	0	0	20806445
210	335	0	0	0	20806452
215	337	0	0	0	20806460
220	338	0	0	0	20806467
224	339	0	0	0	20806475
229	340	0	0	0	20806482
233	340	0	0	0	20806490
236	341	0	0	0	20806497
240	341	0	0	0	20806505
243	342	0	0	0	20806512
245	342	0	0	0	20806520
247	342	0	0	0	20806527
249	343	0	0	0	20806535
251	343	0	0	0	20806542
252	343	0	0	0	20806557
253	344	0	0	0	20806572
253	345	0	0	0	20806587
252	346	0	0	0	20806595
252	347	0	0	0	20806602
251	349	0	0	0	20806610
251	350	0	0	0	20806617
250	352	0	0	0	20806625
250	354	0	0	0	20806633
250	357	0	0	0	20806640
250	360	0	0	0	20806648
250	362	0	0	0	20806655
250	365	0	0	0	20806663
250	369	0	0	0	20806670
251	372	0	0	0	20806678
252	376	0	0	0	20806685
252	379	0	0	0	20806693
254	383	0	0	0	20806700
255	387	0	0	0	20806708
256	390	0	0	0	20806715
258	394	0	0	0	20806730
