1
123
520	141	0	0	0	19723973
521	140	0	0	0	19723988
521	141	0	0	0	19723996
522	141	0	0	0	19724003
522	142	0	0	0	19724011
523	143	0	0	0	19724018
524	144	0	0	0	19724026
525	146	0	0	0	19724033
526	147	0	0	0	19724041
528	149	0	0	0	19724048
529	151	0	0	0	19724056
530	153	0	0	0	19724063
532	155	0	0	0	19724071
533	157	0	0	0	19724078
534	160	0	0	0	19724086
536	163	0	0	0	19724093
538	166	0	0	0	19724101
539	169	0	0	0	19724108
541	172	0	0	0	19724116
543	176	0	0	0	19724123
545	179	0	0	0	19724131
548	183	0	0	0	19724138
550	187	0	0	0	19724146
552	191	0	0	0	19724153
554	195	0	0	0	19724161
556	199	0	0	0	19724168
559	203	0	0	0	19724176
561	207	0	0	0	19724184
563	211	0	0	0	19724191
566	212	0	0	0	19724199
569	218	0	0	0	19724206
572	223	0	0	0	19724214
575	228	0	0	0	19724229
581	239	0	0	0	19724236
584	245	0	0	0	19724244
587	251	0	0	0	19724251
589	259	0	0	0	19724259
591	264	0	0	0	19724266
593	269	0	0	0	19724274
595	273	0	0	0	19724281
597	277	0	0	0	19724289
599	281	0	0	0	19724296
601	285	0	0	0	19724304
602	288	0	0	0	19724311
604	291	0	0	0	19724319
605	293	0	0	0	19724326
606	295	0	0	0	19724334
607	296	0	0	0	19724341
608	297	0	0	0	19724349
608	298	0	0	0	19724356
609	298	0	0	0	19724386
609	297	0	0	0	19724401
609	295	0	0	0	19724409
609	294	0	0	0	19724417
609	292	0	0	0	19724424
609	290	0	0	0	19724432
609	287	0	0	0	19724439
609	285	0	0	0	19724447
609	283	0	0	0	19724454
609	280	0	0	0	19724462
609	277	0	0	0	19724469
609	275	0	0	0	19724477
609	272	0	0	0	19724484
609	270	0	0	0	19724492
609	267	0	0	0	19724499
609	265	0	0	0	19724507
609	263	0	0	0	19724514
609	262	0	0	0	19724522
609	260	0	0	0	19724529
609	259	0	0	0	19724544
609	258	0	0	0	19724567
610	258	0	0	0	19724582
610	259	0	0	0	19724589
610	260	0	0	0	19724597
610	261	0	0	0	19724604
610	263	0	0	0	19724612
610	264	0	0	0	19724619
610	266	0	0	0	19724627
610	268	0	0	0	19724634
610	270	0	0	0	19724642
610	273	0	0	0	19724650
610	275	0	0	0	19724657
610	277	0	0	0	19724665
609	280	0	0	0	19724672
609	282	0	0	0	19724680
609	284	0	0	0	19724687
608	287	0	0	0	19724695
608	289	0	0	0	19724702
608	291	0	0	0	19724710
607	293	0	0	0	19724717
607	295	0	0	0	19724725
607	297	0	0	0	19724732
606	299	0	0	0	19724740
606	301	0	0	0	19724747
606	303	0	0	0	19724755
606	305	0	0	0	19724762
606	306	0	0	0	19724770
605	307	0	0	0	19724777
605	308	0	0	0	19724792
604	308	0	0	0	19724807
603	308	0	0	0	19724822
602	307	0	0	0	19724830
601	307	0	0	0	19724837
600	306	0	0	0	19724845
600	305	0	0	0	19724852
599	304	0	0	0	19724860
598	302	0	0	0	19724867
597	301	0	0	0	19724875
596	300	0	0	0	19724883
595	298	0	0	0	19724890
594	297	0	0	0	19724898
592	296	0	0	0	19724905
591	295	0	0	0	19724913
590	293	0	0	0	19724920
589	292	0	0	0	19724928
588	291	0	0	0	19724935
588	290	0	0	0	19724943
587	289	0	0	0	19724950
586	289	0	0	0	19724958
586	288	0	0	0	19724965
585	287	0	0	0	19724973
585	286	0	0	0	19724980
584	286	0	0	0	19724995
