1
202
74	216	0	0	0	436319737
73	216	0	0	0	436319775
73	217	0	0	0	436319797
73	218	0	0	0	436319812
73	219	0	0	0	436319820
73	220	0	0	0	436319835
73	221	0	0	0	436319843
72	222	0	0	0	436319850
72	223	0	0	0	436319858
72	224	0	0	0	436319865
72	226	0	0	0	436319873
72	227	0	0	0	436319880
72	228	0	0	0	436319888
72	229	0	0	0	436319895
72	231	0	0	0	436319903
72	232	0	0	0	436319910
72	234	0	0	0	436319918
72	236	0	0	0	436319925
72	237	0	0	0	436319933
72	239	0	0	0	436319940
72	241	0	0	0	436319948
72	243	0	0	0	436319955
72	245	0	0	0	436319963
72	246	0	0	0	436319970
72	248	0	0	0	436319978
71	250	0	0	0	436319985
71	253	0	0	0	436319993
71	255	0	0	0	436320000
71	257	0	0	0	436320008
71	259	0	0	0	436320015
71	261	0	0	0	436320023
72	263	0	0	0	436320030
72	264	0	0	0	436320038
72	266	0	0	0	436320045
72	268	0	0	0	436320053
72	270	0	0	0	436320060
73	272	0	0	0	436320068
73	273	0	0	0	436320076
73	275	0	0	0	436320083
74	277	0	0	0	436320091
74	279	0	0	0	436320098
74	281	0	0	0	436320106
75	283	0	0	0	436320113
75	285	0	0	0	436320121
75	287	0	0	0	436320128
76	289	0	0	0	436320136
76	290	0	0	0	436320143
77	292	0	0	0	436320151
77	293	0	0	0	436320158
77	295	0	0	0	436320166
78	296	0	0	0	436320173
79	297	0	0	0	436320181
79	299	0	0	0	436320188
80	300	0	0	0	436320196
81	302	0	0	0	436320203
82	303	0	0	0	436320211
83	305	0	0	0	436320218
83	306	0	0	0	436320226
84	307	0	0	0	436320233
85	309	0	0	0	436320241
86	310	0	0	0	436320248
87	311	0	0	0	436320256
89	312	0	0	0	436320263
90	313	0	0	0	436320271
91	314	0	0	0	436320278
92	315	0	0	0	436320286
93	316	0	0	0	436320293
95	317	0	0	0	436320301
96	318	0	0	0	436320309
97	319	0	0	0	436320316
98	320	0	0	0	436320324
99	321	0	0	0	436320331
101	321	0	0	0	436320339
102	322	0	0	0	436320346
103	323	0	0	0	436320354
104	324	0	0	0	436320361
105	325	0	0	0	436320369
107	326	0	0	0	436320376
108	327	0	0	0	436320384
109	327	0	0	0	436320391
111	328	0	0	0	436320399
112	329	0	0	0	436320406
113	330	0	0	0	436320414
115	330	0	0	0	436320421
116	331	0	0	0	436320429
118	332	0	0	0	436320436
119	333	0	0	0	436320444
121	333	0	0	0	436320451
122	334	0	0	0	436320459
124	334	0	0	0	436320466
125	335	0	0	0	436320474
127	335	0	0	0	436320481
128	336	0	0	0	436320489
129	336	0	0	0	436320496
131	337	0	0	0	436320504
132	337	0	0	0	436320511
133	337	0	0	0	436320519
134	338	0	0	0	436320526
136	338	0	0	0	436320534
137	338	0	0	0	436320542
138	339	0	0	0	436320549
139	339	0	0	0	436320557
140	339	0	0	0	436320564
142	339	0	0	0	436320572
143	339	0	0	0	436320579
144	340	0	0	0	436320587
145	340	0	0	0	436320594
146	340	0	0	0	436320602
147	340	0	0	0	436320609
148	340	0	0	0	436320617
149	340	0	0	0	436320624
150	340	0	0	0	436320639
151	340	0	0	0	436320654
152	340	0	0	0	436320677
153	339	0	0	0	436320714
154	339	0	0	0	436320752
155	339	0	0	0	436320842
156	338	0	0	0	436320887
157	338	0	0	0	436320962
157	339	0	0	0	436320992
157	340	0	0	0	436321015
156	341	0	0	0	436321030
156	342	0	0	0	436321045
155	343	0	0	0	436321060
155	344	0	0	0	436321068
154	344	0	0	0	436321075
154	345	0	0	0	436321083
153	345	0	0	0	436321090
153	346	0	0	0	436321105
152	346	0	0	0	436321113
152	347	0	0	0	436321120
151	347	0	0	0	436321128
151	348	0	0	0	436321143
150	348	0	0	0	436321150
150	349	0	0	0	436321158
149	349	0	0	0	436321165
149	350	0	0	0	436321173
148	350	0	0	0	436321188
147	351	0	0	0	436321210
146	352	0	0	0	436321225
145	352	0	0	0	436321248
144	352	0	0	0	436321263
144	353	0	0	0	436321278
143	353	0	0	0	436321443
144	353	0	0	0	436321458
145	353	0	0	0	436321474
146	353	0	0	0	436321481
146	352	0	0	0	436321489
147	352	0	0	0	436321496
148	352	0	0	0	436321511
149	352	0	0	0	436321519
150	351	0	0	0	436321534
151	351	0	0	0	436321541
152	351	0	0	0	436321549
152	350	0	0	0	436321556
153	350	0	0	0	436321571
154	350	0	0	0	436321579
155	349	0	0	0	436321594
156	349	0	0	0	436321609
157	348	0	0	0	436321624
158	348	0	0	0	436321631
158	347	0	0	0	436321639
159	347	0	0	0	436321654
160	347	0	0	0	436321669
160	346	0	0	0	436321684
161	346	0	0	0	436321699
161	345	0	0	0	436321722
162	345	0	0	0	436321782
162	344	0	0	0	436321872
162	343	0	0	0	436321894
162	342	0	0	0	436321909
162	341	0	0	0	436321939
161	340	0	0	0	436322052
161	339	0	0	0	436322135
162	339	0	0	0	436322157
162	338	0	0	0	436322323
162	339	0	0	0	436322330
161	339	0	0	0	436322345
160	339	0	0	0	436322353
160	338	0	0	0	436322360
159	338	0	0	0	436322368
158	338	0	0	0	436322375
158	337	0	0	0	436322383
157	337	0	0	0	436322390
156	336	0	0	0	436322398
155	335	0	0	0	436322405
154	335	0	0	0	436322413
153	334	0	0	0	436322421
152	332	0	0	0	436322428
150	331	0	0	0	436322436
149	330	0	0	0	436322443
148	329	0	0	0	436322451
146	328	0	0	0	436322458
145	327	0	0	0	436322466
144	326	0	0	0	436322473
142	325	0	0	0	436322481
141	324	0	0	0	436322488
140	323	0	0	0	436322496
139	322	0	0	0	436322503
139	321	0	0	0	436322511
138	321	0	0	0	436322526
137	320	0	0	0	436322571
