1
232
545	503	0	0	0	424257136
544	503	0	0	0	424257196
543	504	0	0	0	424257241
543	503	0	0	0	424257256
542	503	0	0	0	424257263
542	502	0	0	0	424257271
542	501	0	0	0	424257286
541	500	0	0	0	424257293
541	499	0	0	0	424257301
540	498	0	0	0	424257308
540	497	0	0	0	424257316
539	495	0	0	0	424257324
539	494	0	0	0	424257331
538	492	0	0	0	424257339
538	491	0	0	0	424257346
537	489	0	0	0	424257354
536	487	0	0	0	424257361
536	485	0	0	0	424257369
535	483	0	0	0	424257376
534	481	0	0	0	424257384
533	479	0	0	0	424257391
532	477	0	0	0	424257399
532	474	0	0	0	424257406
531	472	0	0	0	424257414
530	470	0	0	0	424257421
529	468	0	0	0	424257429
528	466	0	0	0	424257436
527	463	0	0	0	424257444
527	461	0	0	0	424257451
526	459	0	0	0	424257459
525	456	0	0	0	424257466
525	454	0	0	0	424257474
524	452	0	0	0	424257481
524	450	0	0	0	424257489
523	448	0	0	0	424257496
523	446	0	0	0	424257504
523	445	0	0	0	424257511
523	443	0	0	0	424257519
523	441	0	0	0	424257526
522	439	0	0	0	424257534
522	438	0	0	0	424257541
522	436	0	0	0	424257549
522	434	0	0	0	424257557
521	433	0	0	0	424257564
521	431	0	0	0	424257572
521	430	0	0	0	424257579
520	428	0	0	0	424257587
520	427	0	0	0	424257594
519	426	0	0	0	424257602
519	425	0	0	0	424257609
519	424	0	0	0	424257617
518	423	0	0	0	424257624
518	422	0	0	0	424257632
518	421	0	0	0	424257639
518	420	0	0	0	424257647
518	419	0	0	0	424257662
518	418	0	0	0	424257692
518	417	0	0	0	424257699
519	417	0	0	0	424257714
520	417	0	0	0	424257722
521	417	0	0	0	424257737
522	418	0	0	0	424257744
523	418	0	0	0	424257752
524	418	0	0	0	424257759
526	418	0	0	0	424257767
527	419	0	0	0	424257774
528	419	0	0	0	424257782
530	419	0	0	0	424257790
532	420	0	0	0	424257797
533	420	0	0	0	424257805
535	421	0	0	0	424257812
537	421	0	0	0	424257820
539	421	0	0	0	424257827
541	422	0	0	0	424257835
544	422	0	0	0	424257842
546	422	0	0	0	424257850
548	423	0	0	0	424257857
551	423	0	0	0	424257865
553	423	0	0	0	424257872
556	424	0	0	0	424257880
558	424	0	0	0	424257887
561	424	0	0	0	424257895
564	424	0	0	0	424257902
566	424	0	0	0	424257910
569	424	0	0	0	424257917
572	424	0	0	0	424257925
575	425	0	0	0	424257932
577	425	0	0	0	424257940
580	425	0	0	0	424257947
583	425	0	0	0	424257955
586	425	0	0	0	424257962
589	425	0	0	0	424257970
592	425	0	0	0	424257977
594	425	0	0	0	424257985
597	425	0	0	0	424257992
600	425	0	0	0	424258000
603	425	0	0	0	424258007
606	425	0	0	0	424258015
608	425	0	0	0	424258023
611	426	0	0	0	424258030
614	426	0	0	0	424258038
616	426	0	0	0	424258045
619	426	0	0	0	424258053
621	426	0	0	0	424258060
623	426	0	0	0	424258068
626	426	0	0	0	424258075
628	427	0	0	0	424258083
630	427	0	0	0	424258090
632	427	0	0	0	424258098
633	427	0	0	0	424258105
635	427	0	0	0	424258113
637	427	0	0	0	424258120
638	427	0	0	0	424258128
639	427	0	0	0	424258135
640	427	0	0	0	424258143
641	427	0	0	0	424258150
642	427	0	0	0	424258158
643	427	0	0	0	424258165
644	427	0	0	0	424258173
645	427	0	0	0	424258188
646	427	0	0	0	424258203
647	427	0	0	0	424258225
648	427	0	0	0	424258278
648	428	0	0	0	424258293
648	429	0	0	0	424258308
648	430	0	0	0	424258323
648	431	0	0	0	424258331
648	432	0	0	0	424258338
648	433	0	0	0	424258346
648	434	0	0	0	424258353
648	435	0	0	0	424258361
647	436	0	0	0	424258368
647	437	0	0	0	424258376
647	439	0	0	0	424258383
647	440	0	0	0	424258391
647	442	0	0	0	424258398
647	443	0	0	0	424258406
647	445	0	0	0	424258413
647	447	0	0	0	424258421
646	448	0	0	0	424258428
646	450	0	0	0	424258436
646	452	0	0	0	424258443
646	454	0	0	0	424258451
646	456	0	0	0	424258458
646	458	0	0	0	424258466
646	461	0	0	0	424258473
646	463	0	0	0	424258481
646	465	0	0	0	424258488
646	467	0	0	0	424258496
646	469	0	0	0	424258504
645	471	0	0	0	424258511
645	474	0	0	0	424258519
645	476	0	0	0	424258526
645	478	0	0	0	424258534
645	480	0	0	0	424258541
645	482	0	0	0	424258549
645	484	0	0	0	424258556
645	486	0	0	0	424258564
645	488	0	0	0	424258571
645	491	0	0	0	424258579
645	492	0	0	0	424258586
645	494	0	0	0	424258594
645	496	0	0	0	424258601
645	498	0	0	0	424258609
644	499	0	0	0	424258616
644	501	0	0	0	424258624
644	502	0	0	0	424258631
644	503	0	0	0	424258639
643	504	0	0	0	424258646
643	505	0	0	0	424258654
643	506	0	0	0	424258661
642	507	0	0	0	424258669
642	508	0	0	0	424258676
642	509	0	0	0	424258684
641	509	0	0	0	424258691
641	510	0	0	0	424258699
640	510	0	0	0	424258714
639	511	0	0	0	424258729
638	511	0	0	0	424258737
637	511	0	0	0	424258752
636	511	0	0	0	424258759
635	511	0	0	0	424258767
633	511	0	0	0	424258774
632	511	0	0	0	424258782
631	511	0	0	0	424258789
629	510	0	0	0	424258797
628	510	0	0	0	424258804
626	509	0	0	0	424258812
624	509	0	0	0	424258819
622	508	0	0	0	424258827
620	508	0	0	0	424258834
618	507	0	0	0	424258842
616	507	0	0	0	424258849
613	506	0	0	0	424258857
611	506	0	0	0	424258864
609	505	0	0	0	424258872
607	505	0	0	0	424258879
604	505	0	0	0	424258887
602	504	0	0	0	424258894
600	504	0	0	0	424258902
597	504	0	0	0	424258909
594	503	0	0	0	424258917
592	503	0	0	0	424258924
589	503	0	0	0	424258932
586	502	0	0	0	424258939
584	502	0	0	0	424258947
581	502	0	0	0	424258954
578	502	0	0	0	424258962
576	502	0	0	0	424258970
573	501	0	0	0	424258977
571	501	0	0	0	424258985
568	501	0	0	0	424258992
566	501	0	0	0	424259000
563	501	0	0	0	424259007
561	501	0	0	0	424259015
559	501	0	0	0	424259022
558	501	0	0	0	424259030
556	501	0	0	0	424259037
555	501	0	0	0	424259045
553	501	0	0	0	424259052
552	501	0	0	0	424259060
551	501	0	0	0	424259067
550	501	0	0	0	424259075
549	501	0	0	0	424259082
548	501	0	0	0	424259090
547	501	0	0	0	424259105
546	501	0	0	0	424259112
545	501	0	0	0	424259135
544	501	0	0	0	424259165
544	500	0	0	0	424259187
544	499	0	0	0	424259225
545	499	0	0	0	424259240
